208.048, -84.762, -389.515
208.048, -84.762, -389.515
208.048, -84.762, -389.515
208.048, -84.762, -389.515
208.048, -84.762, -389.515
208.048, -84.762, -389.515
208.048, -84.762, -389.515
208.048, -84.762, -389.515
208.048, -84.762, -389.515
208.048, -84.762, -389.515
208.048, -84.762, -389.515
208.048, -84.762, -389.515
208.048, -84.762, -389.515
208.048, -84.762, -389.515
208.048, -84.762, -389.515
208.048, -84.762, -389.515
208.048, -84.762, -389.515
208.048, -84.762, -389.515
208.048, -84.762, -389.515
208.048, -84.762, -389.515
208.048, -84.762, -389.515
208.048, -84.762, -389.515
208.048, -84.762, -389.515
208.048, -84.762, -389.515
208.048, -84.762, -389.515
208.048, -84.762, -389.515
208.049, -84.762, -389.517
207.772, -84.754, -389.600
206.850, -84.762, -389.801
205.284, -84.760, -389.963
203.146, -84.754, -390.069
199.820, -84.747, -390.384
195.988, -84.742, -390.954
191.611, -84.734, -391.469
185.307, -84.721, -391.984
179.978, -84.705, -392.314
174.175, -84.676, -392.591
168.269, -84.646, -392.911
162.011, -84.611, -393.436
155.045, -84.563, -394.090
144.753, -84.496, -395.064
137.139, -84.445, -395.836
129.221, -84.392, -396.700
120.956, -84.336, -397.666
112.211, -84.279, -398.745
103.029, -84.214, -399.940
94.034, -84.155, -401.152
84.572, -84.064, -402.466
74.776, -83.985, -403.858
64.714, -83.912, -405.317
54.738, -83.842, -406.758
44.145, -83.769, -408.250
33.093, -83.704, -409.767
22.239, -83.644, -411.230
11.134, -83.585, -412.692
-0.518, -83.513, -414.182
-12.218, -83.451, -415.617
-24.056, -83.381, -416.958
-36.441, -83.319, -418.240
-48.932, -83.258, -419.610
-61.613, -83.149, -421.137
-74.170, -83.051, -422.578
-87.154, -82.947, -423.861
-100.341, -82.847, -424.924
-114.535, -82.746, -425.729
-127.811, -82.662, -426.039
-141.485, -82.590, -425.886
-155.273, -82.553, -425.320
-168.847, -82.502, -424.560
-182.806, -82.473, -423.674
-197.028, -82.444, -422.567
-211.016, -82.429, -421.250
-225.261, -82.421, -419.755
-240.401, -82.407, -418.081
-254.423, -82.394, -416.457
-268.312, -82.391, -414.767
-282.577, -82.387, -412.960
-296.701, -82.393, -411.108
-311.328, -82.401, -409.100
-326.192, -82.393, -406.927
-340.890, -82.404, -404.639
-355.950, -82.416, -402.155
-370.832, -82.401, -399.562
-386.187, -82.382, -396.749
-400.568, -82.383, -393.997
-413.592, -82.382, -391.392
-425.627, -82.379, -388.694
-436.367, -82.364, -385.691
-445.676, -82.357, -382.291
-453.593, -82.364, -378.534
-460.597, -82.376, -374.257
-467.313, -82.384, -369.172
-473.370, -82.401, -363.587
-478.756, -82.416, -357.189
-483.001, -82.386, -350.336
-486.402, -82.363, -343.016
-489.432, -82.371, -335.130
-492.719, -82.388, -326.898
-496.412, -82.400, -318.819
-500.735, -82.371, -310.926
-506.014, -82.398, -303.477
-511.906, -82.359, -297.294
-518.603, -82.311, -291.716
-526.042, -82.239, -286.516
-534.047, -82.167, -281.785
-542.493, -82.095, -277.567
-551.454, -82.020, -273.453
-560.403, -81.951, -269.143
-569.353, -81.880, -264.332
-578.281, -81.803, -258.858
-586.877, -81.789, -252.834
-595.231, -81.741, -246.012
-603.290, -81.706, -238.428
-610.669, -81.673, -230.297
-617.503, -81.620, -221.324
-623.647, -81.557, -211.901
-629.512, -81.479, -201.601
-634.860, -81.448, -191.144
-639.947, -81.441, -180.218
-644.617, -81.416, -169.135
-648.837, -81.385, -157.691
-652.764, -81.349, -145.953
-656.831, -81.308, -134.071
-661.046, -81.262, -121.935
-665.277, -81.218, -109.624
-669.560, -81.186, -97.279
-673.871, -81.152, -85.148
-678.457, -81.107, -72.643
-683.199, -81.065, -60.192
-688.092, -81.033, -47.646
-693.042, -81.000, -34.838
-697.937, -80.971, -21.855
-702.660, -80.940, -9.055
-707.519, -80.913, 4.241
-712.359, -80.885, 17.557
-717.231, -80.860, 31.004
-722.113, -80.828, 44.449
-727.106, -80.794, 58.128
-732.198, -80.739, 72.043
-737.376, -80.704, 86.200
-742.454, -80.673, 100.380
-747.116, -80.621, 114.663
-751.173, -80.570, 129.399
-754.195, -80.547, 143.161
-756.133, -80.513, 155.953
-757.000, -80.441, 167.979
-756.912, -80.360, 179.770
-755.814, -80.297, 191.155
-753.604, -80.214, 202.881
-751.109, -80.118, 214.497
-749.222, -80.040, 225.362
-748.215, -79.965, 235.458
-748.239, -79.917, 245.032
-749.329, -79.826, 253.931
-751.397, -79.794, 262.198
-754.470, -79.688, 269.671
-758.616, -79.602, 276.679
-763.483, -79.502, 283.425
-768.842, -79.410, 290.302
-774.634, -79.313, 296.927
-780.995, -79.218, 303.213
-787.978, -79.130, 309.431
-795.371, -79.043, 315.690
-802.900, -78.977, 321.771
-810.897, -78.864, 327.932
-818.939, -78.746, 333.983
-827.350, -78.585, 340.236
-835.741, -78.410, 346.426
-844.707, -78.212, 353.023
-853.664, -78.004, 359.682
-862.709, -77.732, 366.574
-871.768, -77.420, 373.763
-880.717, -77.084, 381.218
-889.648, -76.685, 388.961
-898.695, -76.273, 396.992
-907.412, -75.867, 404.879
-915.141, -75.490, 412.306
-921.654, -75.172, 419.497
-926.767, -74.878, 426.594
-930.514, -74.630, 433.775
-932.697, -74.409, 440.449
-933.754, -74.179, 446.902
-933.870, -73.911, 453.524
-933.006, -73.609, 460.236
-930.965, -73.271, 466.707
-927.894, -72.951, 472.399
-923.798, -72.608, 477.513
-919.094, -72.275, 481.788
-913.604, -71.927, 485.466
-907.353, -71.554, 488.462
-900.828, -71.200, 490.463
-894.138, -70.830, 491.416
-886.923, -70.476, 491.458
-879.647, -70.161, 490.777
-872.085, -69.842, 489.603
-864.167, -69.520, 488.121
-856.038, -69.168, 486.461
-847.556, -68.814, 484.671
-838.971, -68.438, 482.857
-830.155, -68.039, 480.999
-821.465, -67.656, 479.179
-812.423, -67.269, 477.301
-803.171, -66.859, 475.392
-793.621, -66.453, 473.439
-783.945, -66.040, 471.481
-773.881, -65.659, 469.447
-763.686, -65.315, 467.386
-753.362, -64.972, 465.322
-742.728, -64.621, 463.229
-731.977, -64.277, 461.123
-720.823, -63.928, 458.957
-709.762, -63.573, 456.845
-698.509, -63.212, 454.730
-687.073, -62.826, 452.604
-675.251, -62.359, 450.463
-663.143, -61.814, 448.375
-651.088, -61.083, 446.456
-638.770, -60.263, 444.706
-626.522, -59.436, 443.204
-614.019, -58.599, 441.980
-600.922, -57.747, 441.057
-588.148, -56.922, 440.483
-575.376, -56.083, 440.205
-562.262, -55.279, 440.168
-549.181, -54.506, 440.362
-536.364, -53.738, 440.723
-523.133, -53.031, 441.252
-510.188, -52.456, 442.101
-497.058, -52.124, 443.397
-483.746, -51.940, 445.213
-470.573, -51.972, 447.294
-457.261, -52.050, 449.453
-443.795, -52.148, 451.595
-430.056, -52.245, 453.758
-416.037, -52.342, 455.918
-402.081, -52.441, 457.825
-388.936, -52.524, 459.066
-376.549, -52.615, 459.429
-365.207, -52.678, 458.829
-354.579, -52.731, 457.319
-344.752, -52.788, 454.883
-335.531, -52.775, 451.497
-326.848, -52.807, 447.220
-318.648, -52.903, 442.033
-311.028, -53.048, 435.924
-304.135, -53.258, 429.005
-298.058, -53.461, 421.300
-292.893, -53.702, 412.935
-288.555, -54.031, 403.930
-284.980, -54.377, 394.742
-281.805, -54.759, 385.238
-278.843, -55.186, 374.985
-276.351, -55.557, 364.712
-274.180, -55.929, 353.902
-272.418, -56.344, 342.760
-271.104, -56.830, 331.413
-270.161, -57.420, 319.780
-269.441, -58.112, 307.773
-269.075, -58.870, 295.725
-269.211, -59.767, 283.349
-270.097, -60.832, 270.912
-271.914, -61.901, 258.709
-274.430, -63.102, 245.966
-277.285, -64.229, 233.160
-280.509, -65.269, 220.320
-284.169, -66.229, 207.238
-288.026, -67.145, 194.108
-291.892, -67.976, 180.757
-295.642, -68.729, 167.032
-299.187, -69.430, 153.052
-302.547, -70.125, 138.838
-305.468, -70.856, 124.356
-307.456, -71.554, 110.492
-308.317, -72.246, 97.296
-307.976, -72.895, 84.471
-306.530, -73.537, 72.257
-304.020, -73.925, 61.132
-300.992, -74.195, 51.373
-297.664, -74.345, 42.573
-294.414, -74.444, 35.069
-291.026, -74.531, 28.091
-287.362, -74.584, 21.053
-283.421, -74.580, 14.141
-279.129, -74.532, 7.224
-274.205, -74.440, 0.156
-269.061, -74.276, -5.625
-263.417, -74.120, -10.330
-257.028, -73.916, -14.159
-250.113, -73.487, -16.914
-243.163, -72.995, -18.480
-235.824, -72.445, -18.952
-228.717, -71.969, -18.533
-221.520, -71.394, -17.429
-214.096, -70.772, -15.813
-206.718, -70.093, -13.827
-199.053, -69.345, -11.709
-191.094, -68.494, -9.824
-182.842, -67.649, -8.176
-174.419, -66.901, -6.835
-165.768, -66.205, -5.799
-157.140, -65.509, -5.091
-148.070, -64.856, -4.621
-138.960, -64.235, -4.376
-129.738, -63.660, -4.298
-120.322, -63.127, -4.368
-110.537, -62.617, -4.590
-100.732, -62.138, -4.961
-90.549, -61.682, -5.493
-80.341, -61.322, -6.137
-69.827, -61.011, -6.861
-59.000, -60.703, -7.614
-47.856, -60.384, -8.371
-36.498, -60.069, -9.155
-25.244, -59.756, -9.977
-13.696, -59.432, -10.842
-1.961, -59.107, -11.710
10.065, -58.772, -12.574
22.051, -58.419, -13.425
34.202, -58.061, -14.282
46.627, -57.705, -15.120
59.100, -57.348, -15.926
71.723, -56.971, -16.688
84.381, -56.639, -17.363
97.414, -56.332, -17.977
110.240, -56.135, -18.537
123.279, -55.965, -19.083
136.679, -55.855, -19.659
150.220, -55.755, -20.317
163.904, -55.654, -21.026
177.586, -55.547, -21.676
189.640, -55.473, -22.191
200.804, -55.394, -22.564
210.673, -55.298, -22.542
219.220, -55.223, -21.963
226.704, -55.132, -20.762
233.322, -55.035, -18.890
239.584, -54.904, -16.655
245.516, -54.704, -13.767
251.009, -54.651, -10.202
256.062, -54.617, -6.055
261.599, -54.625, -2.027
267.207, -54.609, 1.087
272.831, -54.625, 3.172
278.601, -54.751, 4.256
284.286, -54.854, 4.180
290.137, -54.961, 3.454
296.340, -55.086, 2.289
302.884, -55.233, 0.601
309.497, -55.391, -1.578
316.314, -55.545, -4.279
323.520, -55.714, -7.514
330.817, -55.884, -11.051
338.436, -56.064, -14.875
346.371, -56.261, -18.907
354.409, -56.443, -23.017
362.431, -56.625, -27.141
370.899, -56.805, -31.520
379.522, -56.960, -35.997
388.449, -57.113, -40.658
397.587, -57.268, -45.488
407.004, -57.437, -50.565
416.344, -57.607, -55.722
425.822, -57.791, -61.133
435.586, -58.014, -66.937
445.401, -58.252, -72.923
455.236, -58.436, -78.911
465.429, -58.608, -85.328
475.519, -58.889, -92.085
485.497, -59.174, -99.172
495.614, -59.499, -106.608
505.716, -59.822, -114.208
515.862, -60.148, -122.058
525.928, -60.455, -130.111
535.928, -60.778, -138.442
546.079, -61.107, -147.377
556.021, -61.363, -156.783
565.790, -61.603, -166.602
575.309, -61.833, -176.551
584.839, -62.126, -186.714
594.368, -62.435, -196.930
604.296, -62.806, -207.520
614.181, -63.289, -218.027
624.177, -63.815, -228.656
634.476, -64.417, -239.595
644.919, -65.105, -250.630
655.452, -65.857, -261.426
666.430, -66.698, -271.974
677.809, -67.569, -282.085
689.755, -68.532, -291.961
702.249, -69.636, -301.604
715.081, -70.760, -310.805
728.350, -71.889, -319.620
742.361, -73.036, -328.018
758.834, -74.350, -336.740
773.360, -75.470, -343.674
787.517, -76.549, -350.149
800.433, -77.532, -355.964
812.237, -78.427, -361.264
823.286, -79.260, -366.346
833.163, -80.002, -371.027
841.759, -80.624, -375.285
849.054, -81.124, -379.354
855.001, -81.548, -383.380
860.151, -81.980, -387.717
864.918, -82.383, -392.697
869.319, -82.796, -398.398
873.002, -83.194, -404.670
875.468, -83.519, -410.983
876.719, -83.798, -417.335
876.872, -83.984, -424.070
876.305, -84.134, -430.852
875.038, -84.288, -437.928
872.958, -84.442, -445.261
870.155, -84.566, -452.539
866.657, -84.688, -460.049
862.618, -84.821, -467.664
858.284, -84.946, -475.344
853.713, -85.047, -483.018
848.475, -85.131, -490.435
842.796, -85.228, -496.847
836.654, -85.327, -502.134
829.953, -85.402, -506.473
822.642, -85.460, -510.065
815.126, -85.514, -512.689
807.567, -85.576, -514.167
799.942, -85.585, -514.550
792.019, -85.621, -514.108
784.009, -85.678, -512.951
776.003, -85.763, -511.230
767.666, -85.852, -508.884
759.253, -85.920, -505.953
750.839, -86.000, -502.540
742.435, -86.075, -498.697
733.862, -86.177, -494.431
725.042, -86.250, -490.103
716.026, -86.280, -486.054
706.451, -86.321, -481.754
696.881, -86.336, -477.305
687.025, -86.354, -472.674
676.857, -86.358, -467.917
666.646, -86.361, -463.190
656.403, -86.333, -458.518
645.566, -86.306, -453.649
634.714, -86.276, -448.834
623.766, -86.239, -444.033
612.211, -86.188, -439.058
600.534, -86.143, -434.181
588.826, -86.100, -429.518
576.647, -86.059, -424.985
564.426, -86.039, -420.782
552.069, -86.033, -416.863
539.203, -86.021, -413.090
526.371, -85.999, -409.600
513.218, -85.980, -406.307
499.856, -85.940, -403.282
486.405, -85.909, -400.597
472.754, -85.848, -398.259
458.668, -85.791, -396.224
444.530, -85.714, -394.517
430.356, -85.645, -393.101
415.902, -85.581, -391.920
400.783, -85.520, -390.894
386.043, -85.456, -390.029
371.171, -85.390, -389.265
356.172, -85.325, -388.617
341.183, -85.264, -388.094
326.019, -85.207, -387.638
310.894, -85.145, -386.925
295.414, -85.091, -385.788
280.096, -85.024, -384.747
264.670, -84.964, -384.299
248.871, -84.901, -384.386
232.971, -84.832, -384.792
217.116, -84.784, -385.428
199.502, -84.681, -386.452
182.470, -84.635, -387.340
165.222, -84.553, -388.592
147.660, -84.452, -390.508
131.059, -84.361, -392.800
113.976, -84.267, -395.427
96.820, -84.171, -398.202
